4 0.00000e+00 5 3.31618e-07 9 6.15933e-07 16 6.12257e-07 -1.68583e-03 -3.27732e-01 
8 4.94074e-07 9 5.49306e-07 10 5.98764e-07 12 0.00000e+00 4.34041e-01 -2.35180e-01 
1 5.45217e-07 4 4.23392e-07 15 0.00000e+00 16 5.09124e-07 -1.80130e-01 -1.57748e-01 
8 0.00000e+00 9 4.79087e-07 10 5.04289e-07 12 3.65033e-07 3.29868e-01 -1.60366e-01 
2 6.13586e-07 6 0.00000e+00 7 3.89335e-07 11 6.58932e-07 2.44458e-01 1.93862e-01 
6 3.15254e-07 8 4.44787e-07 10 0.00000e+00 11 4.88783e-07 4.10998e-01 3.17534e-02 
1 5.07539e-07 4 6.69646e-07 13 5.32726e-07 15 0.00000e+00 -1.95245e-01 -8.90111e-02 
1 0.00000e+00 2 4.09334e-07 13 1.74706e-07 15 3.56996e-07 -1.07599e-01 4.09749e-02 
1 4.82487e-07 6 0.00000e+00 8 8.61326e-08 10 4.75547e-07 2.50841e-01 1.24332e-02 
1 4.69266e-07 4 2.54879e-07 8 0.00000e+00 9 3.92784e-07 1.61973e-01 -1.78462e-01 
2 5.50578e-07 3 6.40088e-07 13 5.87162e-07 14 0.00000e+00 -1.95892e-01 3.48573e-01 
1 3.63768e-07 2 4.69282e-07 6 0.00000e+00 8 5.39347e-07 1.66348e-01 1.01837e-01 
8 0.00000e+00 9 4.46366e-07 10 2.34229e-07 12 1.13052e-07 3.74582e-01 -1.49782e-01 
6 4.56187e-07 8 0.00000e+00 10 1.75497e-07 12 3.07880e-07 3.62345e-01 -9.59886e-02 
4 0.00000e+00 5 4.05327e-07 8 1.78656e-07 9 2.23042e-08 1.37120e-01 -2.80725e-01 
8 0.00000e+00 9 4.62297e-07 10 3.18947e-07 12 1.87504e-07 3.60616e-01 -1.53578e-01 
6 2.82091e-07 8 3.63770e-07 10 0.00000e+00 11 5.33886e-07 3.99930e-01 1.55422e-02 
4 0.00000e+00 5 3.90609e-07 8 2.15982e-07 9 3.71674e-08 1.32066e-01 -2.85852e-01 
1 3.43707e-07 2 1.44034e-07 13 0.00000e+00 14 4.00344e-07 -1.38954e-01 1.68012e-01 
2 4.65926e-07 13 8.94167e-08 14 0.00000e+00 18 4.70688e-07 -2.50747e-01 2.63193e-01 
15 2.48494e-07 16 5.17783e-07 17 3.05951e-07 19 0.00000e+00 -4.20559e-01 -1.78785e-01 
6 4.30122e-07 7 5.63140e-07 10 4.93793e-07 11 0.00000e+00 4.32272e-01 2.10523e-01 
6 3.67402e-07 8 0.00000e+00 10 3.68021e-08 12 2.40387e-07 3.78970e-01 -8.29859e-02 
6 3.78329e-07 8 5.96559e-07 10 0.00000e+00 11 4.32029e-07 4.33690e-01 5.24959e-02 
1 4.95542e-07 13 1.91279e-07 15 0.00000e+00 17 5.69104e-07 -2.40261e-01 -2.84632e-02 
4 4.91322e-08 5 1.80362e-07 8 4.33202e-07 9 0.00000e+00 1.15150e-01 -3.48871e-01 
1 6.05898e-07 2 4.39799e-07 13 0.00000e+00 14 4.64086e-07 -1.89482e-01 1.72274e-01 
1 3.03124e-07 2 4.72293e-07 13 0.00000e+00 15 4.61702e-07 -1.63380e-01 8.72131e-02 
1 5.93271e-07 2 5.26090e-07 6 0.00000e+00 7 5.99138e-07 1.90410e-01 1.41511e-01 
13 2.69647e-07 15 1.84456e-07 17 0.00000e+00 19 4.81939e-07 -3.84691e-01 -1.85559e-02 
6 0.00000e+00 8 5.33183e-07 10 3.58884e-07 11 4.36551e-07 3.36948e-01 1.02447e-01 
13 0.00000e+00 14 4.27014e-07 17 5.98784e-07 18 4.14278e-07 -3.13045e-01 1.75832e-01 
13 0.00000e+00 15 3.33243e-07 17 1.81675e-07 18 4.30532e-07 -3.45526e-01 6.41435e-02 
2 0.00000e+00 3 4.04908e-07 13 5.12586e-07 14 3.16669e-07 -7.84053e-02 3.03459e-01 
4 6.28285e-07 5 5.97702e-07 15 7.17708e-07 16 0.00000e+00 -1.95743e-01 -3.79545e-01 
6 0.00000e+00 8 4.06448e-07 10 3.90092e-07 11 6.07947e-07 3.13732e-01 6.98213e-02 
4 0.00000e+00 5 4.04769e-07 8 5.54228e-07 9 3.43794e-07 7.29281e-02 -3.02623e-01 
6 0.00000e+00 8 4.11033e-07 10 1.56485e-07 11 3.44770e-07 3.59294e-01 8.31440e-02 
1 4.41044e-07 2 0.00000e+00 6 1.84510e-07 7 3.40232e-07 1.08373e-01 2.14965e-01 
13 2.93407e-07 15 0.00000e+00 17 1.66578e-07 19 4.57801e-07 -3.43195e-01 -5.32568e-02 
8 2.42230e-07 9 3.91646e-07 10 4.54511e-07 12 0.00000e+00 4.01760e-01 -2.14281e-01 
4 0.00000e+00 5 4.32603e-07 8 5.83513e-07 9 3.97345e-07 6.43544e-02 -3.02982e-01 
13 2.94079e-07 15 1.28460e-07 17 0.00000e+00 19 4.10165e-07 -3.83631e-01 -3.74526e-02 
1 4.78227e-07 4 0.00000e+00 15 2.19640e-07 16 3.23419e-07 -1.08166e-01 -2.28219e-01 
6 0.00000e+00 7 3.31687e-07 10 4.40144e-07 11 1.87171e-07 3.43898e-01 1.87465e-01 
1 0.00000e+00 2 3.62686e-07 13 2.00674e-07 15 4.29964e-07 -9.58929e-02 5.57744e-02 
1 5.52072e-07 2 0.00000e+00 13 4.12355e-07 14 5.03763e-07 -7.74653e-02 2.29219e-01 
1 3.63531e-07 4 4.60762e-07 13 5.34867e-07 15 0.00000e+00 -1.65019e-01 -1.05125e-01 
2 3.89440e-07 3 4.23535e-07 6 5.86168e-07 7 0.00000e+00 1.62738e-01 3.68868e-01 
13 4.38550e-07 14 5.22364e-07 17 5.41356e-07 18 0.00000e+00 -4.26033e-01 2.26602e-01 
6 3.88735e-07 8 0.00000e+00 10 8.08006e-08 12 2.61470e-07 3.74164e-01 -8.63888e-02 
4 5.52467e-07 5 6.28608e-07 15 6.02573e-07 16 0.00000e+00 -1.95867e-01 -3.53107e-01 
1 0.00000e+00 2 4.91287e-07 13 3.63623e-07 15 5.09781e-07 -7.91756e-02 3.24256e-02 
1 2.23096e-07 2 5.37196e-08 6 0.00000e+00 7 4.02026e-07 1.20040e-01 1.59750e-01 
2 4.77475e-07 3 5.93908e-07 13 5.34633e-07 14 0.00000e+00 -1.86666e-01 3.44812e-01 
4 1.68478e-07 5 4.60165e-07 15 3.10267e-07 16 0.00000e+00 -1.55894e-01 -3.07472e-01 
2 4.12360e-07 13 4.58229e-08 14 0.00000e+00 18 4.69429e-07 -2.42190e-01 2.56572e-01 
4 0.00000e+00 5 4.57356e-07 8 2.48120e-07 9 1.28913e-07 1.22711e-01 -2.73944e-01 
13 7.16735e-07 14 7.53169e-07 17 7.31190e-07 18 0.00000e+00 -4.68208e-01 2.40357e-01 
1 3.85910e-07 4 5.33896e-07 13 4.83638e-07 15 0.00000e+00 -1.75174e-01 -8.91837e-02 
2 0.00000e+00 3 4.47202e-07 6 2.27556e-07 7 1.02623e-07 1.26387e-01 2.74924e-01 
4 0.00000e+00 5 4.14814e-07 15 3.82137e-07 16 1.93258e-07 -1.02146e-01 -2.94209e-01 
1 3.18324e-07 4 3.58694e-08 8 0.00000e+00 9 3.06592e-07 1.30110e-01 -1.86565e-01 
1 5.56706e-07 13 2.96159e-07 15 0.00000e+00 17 6.07272e-07 -2.43066e-01 -4.37371e-02 
4 0.00000e+00 5 5.28363e-07 15 3.48154e-07 16 2.86814e-07 -1.01502e-01 -2.63517e-01 
13 0.00000e+00 15 5.20261e-07 17 2.85429e-07 18 3.61350e-07 -3.48568e-01 1.07121e-01 
2 9.50884e-08 3 2.25823e-07 13 4.35406e-07 14 0.00000e+00 -1.22996e-01 3.48359e-01 
1 3.11276e-07 4 4.99948e-07 13 4.21692e-07 15 0.00000e+00 -1.66684e-01 -7.96852e-02 
2 2.10540e-07 3 3.16256e-07 6 4.73710e-07 7 0.00000e+00 1.41198e-01 3.49118e-01 
1 5.12049e-07 2 6.65617e-07 13 0.00000e+00 15 5.14773e-07 -1.99446e-01 8.52415e-02 
4 4.52081e-08 5 3.59223e-07 15 1.93012e-07 16 0.00000e+00 -1.34230e-01 -2.88174e-01 
6 5.56207e-07 8 0.00000e+00 10 4.49270e-07 12 5.51488e-07 3.18076e-01 -9.76541e-02 
4 0.00000e+00 5 3.65666e-07 8 4.03411e-07 9 1.77714e-07 1.00008e-01 -3.03729e-01 
2 0.00000e+00 3 4.93025e-07 6 3.04840e-07 7 2.18970e-07 1.10402e-01 2.67415e-01 
1 0.00000e+00 2 7.05793e-07 4 7.43174e-07 13 6.94533e-07 15 7.21094e-07 -3.99444e-02 4.06629e-03 
1 2.34717e-07 2 0.00000e+00 6 1.01204e-07 7 4.27554e-07 9.87309e-02 1.68927e-01 
1 0.00000e+00 4 6.23955e-07 6 5.18019e-07 8 4.94596e-07 7.11446e-02 -5.01814e-03 
15 0.00000e+00 16 4.40657e-07 17 3.92628e-07 19 2.25722e-07 -3.50778e-01 -1.63451e-01 
6 3.68431e-07 8 2.20819e-08 10 0.00000e+00 12 6.20447e-07 3.88289e-01 -8.17966e-02 
13 1.56561e-07 15 3.74027e-07 17 0.00000e+00 18 3.80746e-07 -3.94426e-01 4.92880e-02 
1 1.80188e-07 4 0.00000e+00 8 5.41837e-07 15 5.03889e-07 -8.86666e-03 -1.51790e-01 
1 3.09157e-07 4 0.00000e+00 15 2.01747e-07 16 4.61392e-07 -8.95700e-02 -1.82477e-01 
1 4.66549e-07 2 3.37753e-07 6 0.00000e+00 7 4.95182e-07 1.63155e-01 1.55229e-01 
2 1.65216e-07 3 3.35294e-07 6 4.17505e-07 7 0.00000e+00 1.39757e-01 3.38538e-01 
1 7.71796e-07 2 7.83006e-07 13 0.00000e+00 14 7.74610e-07 15 7.25630e-07 -2.23116e-01 1.18544e-01 
1 0.00000e+00 4 4.75905e-07 6 4.37981e-07 8 2.83111e-07 9.16649e-02 -3.40598e-02 
8 2.11116e-07 9 2.93033e-07 10 5.00288e-07 12 0.00000e+00 3.89133e-01 -2.31585e-01 
1 4.08768e-07 4 0.00000e+00 8 6.53615e-07 15 6.64572e-07 7.48910e-04 -1.85445e-01 
2 6.67584e-07 3 7.11702e-07 6 6.97887e-07 7 0.00000e+00 2.08311e-01 3.71382e-01 
13 4.31644e-07 14 5.52447e-07 17 5.18427e-07 18 0.00000e+00 -4.29305e-01 2.20577e-01 
1 2.01174e-07 2 4.16547e-07 13 0.00000e+00 15 3.72865e-07 -1.52549e-01 7.23174e-02 
1 2.52142e-07 2 3.14659e-07 6 0.00000e+00 8 5.11182e-07 1.43076e-01 1.12546e-01 
6 2.68467e-07 8 1.53971e-08 10 0.00000e+00 12 3.34143e-07 3.72433e-01 -5.22849e-02 
1 5.42392e-07 4 5.19439e-07 15 0.00000e+00 16 6.34954e-07 -1.85031e-01 -1.30019e-01 
1 0.00000e+00 4 6.53290e-07 6 6.59273e-07 8 6.09116e-07 4.91569e-02 -1.32174e-02 
8 0.00000e+00 9 5.42948e-07 10 6.33225e-07 12 5.18519e-07 3.05713e-01 -1.58570e-01 
4 0.00000e+00 5 4.15548e-07 15 1.80382e-07 16 4.43292e-08 -1.34695e-01 -2.77821e-01 
1 6.37845e-07 2 0.00000e+00 13 5.92229e-07 14 6.21372e-07 -5.42377e-02 2.39215e-01 
1 0.00000e+00 4 3.79455e-07 8 6.46884e-07 15 6.10178e-07 -2.84865e-03 -7.03224e-02 
6 0.00000e+00 8 2.86748e-07 10 2.28389e-07 11 5.27354e-07 3.30976e-01 5.14397e-02 
